25:

 32) 12).................................................................................................................................
(35 (63 ..2.3...23...23.............2.......2....22333333..2........22......2..22.......22...................................2....222...

24:       

 30) 12).................................................................................................................................
(30 (60 ..2.2...22...22.............2.......2....22222222..2........22.........22.......22...................................2....22.2..

23:     

 32) 12).................................................................................................................................
(36 (60 ..2.2...22...22.............2.......2....22222222..2........22......222.2.......22...................................2....2222..

22:     

 39) 10).................................................................................................................................
(27 (60 ..2.2...22...22.............2.......2....22222222..2........22.......22.2.......22...................................2....22..2.

Fan_1:     

 39) 12).................................................................................................................................
(25 (65 ..2.2...22...22.............2.......2....22222222..2........22.......22.2.........2..................................2..33.2..2.

Fan auto (0):

 32) 12).................................................................................................................................
(38 (60 ..2.2...22...22.............2.......2....22222222..2........22.......22.2............................................2..2222..2.

S

 35) 16).................................................................................................................................
(29 (61 ..2.3...33...33.............3.......3....32233333..3........33......3.3.3............................................3..33333.3.


 36) 16).................................................................................................................................
(20 (61 ..3.3...32...33.............3.......3....33333333..3........33........3.2............................................3..3333.33.


 38) 13).................................................................................................................................
(24 (66 ..3.3...32...33.............2.......3....33323332..3........33......33..3............................................3..3333333.


 35) 14)...(24 .3...33...33.............3...(6)....3....33333333..3........33.......3.33............................................3..3333....
(27 (60 .. 18)............................. 35 ................................................................................................


 38) 13).................................................................................................................................
(24 (68 ..3.2...33...33.............3.......3....33333333..3........33......33.33............................................3..33333333


 35) 16).................................................................................................................................
(26 (64 ..2.3...33...33.............3.......3....33333333..3........33........333............................................3..3333.333


 35) 16).............(6) 33 (38 3.(5) 49 ........(5) 47 . 48 (5)3.......(5) 18). 30 (7).........(28 (1) 11).(6) 37 .....(6) 30 (9)...(6) 39  39 (28 ... 47 (6). 40 (6)3(5) 49 333.. 49 (5) 48 (3) 41  49 (5) 49 (5)...(5) 41 ..(5) 51 (0) 45 (5) 41 (5) 42 (5) 48 (5) 48 (6) 49 (5).. 49 (5) 41 (5) 49 (5) 49 (5) 41 (5) 41 (5) 41 (5) 47 (0) 44 (7) 43 (2) 48 (5) 49 (5) 48 (3) 40 (5) 41 (3) 41 (5) 43  44 (5) 40 (5) 41 (5) 49 (3) 48 (5) 19) 35 (7) 38 (9) 32 ....(29 (3) 45 (5) 18) 38 (29 (5)
(24 (69 ..3.3...33.. 48 (1) 10).. 39 (6)........ 36 (7)..(6) 36 ....... 39 (27 .(6) 40 ..333333 18) 31 (30  47 (5).3... 49 (1) 41 .. 48 (5)3(5) 18)....(6) 30 .(7) 30  39 (6)......(6) 39 (6) 33 (7).(6) 37 (6) 38 .. 37 (7).. 39 (2) 36 (9) 38 (7) 37 (7) 38 (6) 39 (6) 30 (6) 37 ..(6) 38 (7) 38 (6) 38 (6) 38 (7) 37 (7) 37 (7) 37 (9) 33 (7) 39 (7) 39 (9) 36 (6) 38 (9) 30 (7) 37 (7) 32 (7) 35 (7).(7) 36 (7) 37 (7) 38 (6) 30 (9) 36 (21 (5) 41 (5) 45 (3)3333 18) 32 (9) 38 (29 (5) 18) 38 


 35) 16).................................................................................................................................
(28 (63 ..3.3...32...33.............3.......2....33333233..3........33.......3333............................................3..3333..33


 35) 14).................................................................................................................................
(25 (64 ..3.3...33...32.............3.......3....33333333..3........33.......3333............................................3..3333..33
