 (-843128) 

 (10067) 
00010010011110011111110000000011100100111110000000000000000110000000000000000110010000100000011000000111100000000000000100111111100111000011000000100000000000000001001111100001111100
 (-5378) 
 (10049) 
00010010011110011111110000000011100100111110000000000000000110000000000000000110010000100000011000000111100000000000000100111111100111000011000000100000000000000001001111100001111100
 (-5378) 
 (10021) 
00010010011110011111110000000011100100111110000000000000000110000000000000000110010000100000011000000111100000000000000100111111100111000011000000100000000000000001001111100001111100
 (-5384) 
 (10027) 
00010010011110011111110000000011100100111110000000000000000110000000000000000110010000100000011000000111100000000000000100111111100111000011000000100000000000000001001111100001111100
 (-582332) 

 (10031) 
000100100111100111111100000000111001001111100000000000000001100000000000000000011001000011001000000000010011001111110011110000000011001000000001100000000000000001000000100111111000000000
 (-5016) 
 (10013) 
000100100111100111111100000000111001001111100000000000000001100000000000000000011001000011001000000000010011001111110011110000000011001000000001100000000000000001000000100111111000000000
 (-4976) 
 (10055) 
000100100111100111111100000000111001001111100000000000000001100000000000000000011001000011001000000000010011001111110011110000000011001000000001100000000000000001000000100111111000000000
 (-4996) 
 (10037) 
000100100111100111111100000000111001001111100000000000000001100000000000000000011001000011001000000000010011001111110011110000000011001000000001100000000000000001000000100111111000000000
 (-758148) 

 (10027) 
000100100111100111111100000000111001001111100000000000000001100000000000000000000110010000001100100001001001000011100110000001001001001100100000000000000000000000000000000000010000000010011100
 (-5378) 
 (10053) 
000100100111100111111100000000111001001111100000000000000001100000000000000000000110010000001100100001001001000011100110000001001001001100100000000000000000000000000000000000010000000010011100
 (-5380) 
 (10027) 
000100100111100111111100000000111001001111100000000000000001100000000000000000000110010000001100100001001001000011100110000001001001001100100000000000000000000000000000000000010000000010011100
 (-5386) 
 (10005) 
000100100111100111111100000000111001001111100000000000000001100000000000000000000110010000001100100001001001000011100110000001001001001100100000000000000000000000000000000000010000000010011100
 (-963894) 

 (10047) 
0001001001111001111111000000001110010011111000000000000000011000000000000110000000000110010010000001001100100111001100001100100001000000111001110010000000000001100100110011000010000000
 (-5016) 
 (10015) 
0001001001111001111111000000001110010011111000000000000000011000000000000110000000000110010010000001001100100111001100001100100001000000111001110010000000000001100100110011000010000000
 (-5000) 
 (10027) 
0001001001111001111111000000001110010011111000000000000000011000000000000110000000000110010010000001001100100111001100001100100001000000111001110010000000000001100100110011000010000000
 (-5008) 
 (10007) 
0001001001111001111111000000001110010011111000000000000000011000000000000110000000000110010010000001001100100111001100001100100001000000111001110010000000000001100100110011000010000000
 (-360672) 

 (10073) 
000100100111100111111100000000111001001111100000000000000001100000000000000110000000000111110010000110010000000010010010000001001000000111000010010000100000000000000111100111000010000100
 (-5402) 
 (10029) 
000100100111100111111100000000111001001111100000000000000001100000000000000110000000000111110010000110010000000010010010000001001000000111000010010000100000000000000111100111000010000100
 (-5400) 
 (10001) 
000100100111100111111100000000111001001111100000000000000001100000000000000110000000000111110010000110010000000010010010000001001000000111000010010000100000000000000111100111000010000100
 (-5388) 
 (10037) 
000100100111100111111100000000111001001111100000000000000001100000000000000110000000000111110010000110010000000010010010000001001000000111000010010000100000000000000111100111000010000100
 (-510012) 

 (10063) 
000100100111100111111100000000111001001111100000000000000001100000000000011000011000000000011111000011001001110000111100000000000000001001000010010010000000000000011000000100110000110010
 (-4968) 
 (10039) 
000100100111100111111100000000111001001111100000000000000001100000000000011000011000000000011111000011001001110000111100000000000000001001000010010010000000000000011000000100110000110010
 (-4988) 
 (10035) 
000100100111100111111100000000111001001111100000000000000001100000000000011000011000000000011111000011001001110000111100000000000000001001000010010010000000000000011000000100110000110010
 (-4998) 
 (10021) 
000100100111100111111100000000111001001111100000000000000001100000000000011000011000000000011111000011001001110000111100000000000000001001000010010010000000000000011000000100110000110010
 (-398450) 

 (10061) 
00010010011110011111110000000011100100111110000000000000000110000000000001001000011000000000011111000000111001100001100100100001110011110011111000000000000001000000100001000010010000
 (-5412) 
 (10031) 
00010010011110011111110000000011100100111110000000000000000110000000000001001000011000000000011111000000111001100001100100100001110011110011111000000000000001000000100001000010010000
 (-5372) 
 (10035) 
00010010011110011111110000000011100100111110000000000000000110000000000001001000011000000000011111000000111001100001100100100001110011110011111000000000000001000000100001000010010000
 (-5406) 
 (9999) 
0001001001111001111111000000001110010011111000000000000000011000000000000100100001100000000001111100000011100110000110010010000111001111001111100000000000000100000010000100001001000